000000111
000001011
000001101
000001110
000010011
000010101
000010110
000011001
000011010
000011100
000100011
000100101
000100110
000101001
000101010
000101100
000110001
000110010
000110100
000111000
001000011
001000101
001000110
001001001
001001010
001001100
001010001
001010010
001010100
001011000
001100001
001100010
001100100
001101000
001110000
010000011
010000101
010000110
010001001
010001010
010001100
010010001
010010010
010010100
010011000
010100001
010100010
010100100
010101000
010110000
011000001
011000010
011000100
011001000
011010000
011100000
100000011
100000101
100000110
100001001
100001010
100001100
100010001
100010010
100010100
100011000
100100001
100100010
100100100
100101000
100110000
101000001
101000010
101000100
101001000
101010000
101100000
110000001
110000010
110000100
110001000
110010000
110100000
111000000
