00011111
00101111
00110111
00111011
00111101
00111110
01001111
01010111
01011011
01011101
01011110
01100111
01101011
01101101
01101110
01110011
01110101
01110110
01111001
01111010
01111100
10001111
10010111
10011011
10011101
10011110
10100111
10101011
10101101
10101110
10110011
10110101
10110110
10111001
10111010
10111100
11000111
11001011
11001101
11001110
11010011
11010101
11010110
11011001
11011010
11011100
11100011
11100101
11100110
11101001
11101010
11101100
11110001
11110010
11110100
11111000
