0000001111
0000010111
0000011011
0000011101
0000011110
0000100111
0000101011
0000101101
0000101110
0000110011
0000110101
0000110110
0000111001
0000111010
0000111100
0001000111
0001001011
0001001101
0001001110
0001010011
0001010101
0001010110
0001011001
0001011010
0001011100
0001100011
0001100101
0001100110
0001101001
0001101010
0001101100
0001110001
0001110010
0001110100
0001111000
0010000111
0010001011
0010001101
0010001110
0010010011
0010010101
0010010110
0010011001
0010011010
0010011100
0010100011
0010100101
0010100110
0010101001
0010101010
0010101100
0010110001
0010110010
0010110100
0010111000
0011000011
0011000101
0011000110
0011001001
0011001010
0011001100
0011010001
0011010010
0011010100
0011011000
0011100001
0011100010
0011100100
0011101000
0011110000
0100000111
0100001011
0100001101
0100001110
0100010011
0100010101
0100010110
0100011001
0100011010
0100011100
0100100011
0100100101
0100100110
0100101001
0100101010
0100101100
0100110001
0100110010
0100110100
0100111000
0101000011
0101000101
0101000110
0101001001
0101001010
0101001100
0101010001
0101010010
0101010100
0101011000
0101100001
0101100010
0101100100
0101101000
0101110000
0110000011
0110000101
0110000110
0110001001
0110001010
0110001100
0110010001
0110010010
0110010100
0110011000
0110100001
0110100010
0110100100
0110101000
0110110000
0111000001
0111000010
0111000100
0111001000
0111010000
0111100000
1000000111
1000001011
1000001101
1000001110
1000010011
1000010101
1000010110
1000011001
1000011010
1000011100
1000100011
1000100101
1000100110
1000101001
1000101010
1000101100
1000110001
1000110010
1000110100
1000111000
1001000011
1001000101
1001000110
1001001001
1001001010
1001001100
1001010001
1001010010
1001010100
1001011000
1001100001
1001100010
1001100100
1001101000
1001110000
1010000011
1010000101
1010000110
1010001001
1010001010
1010001100
1010010001
1010010010
1010010100
1010011000
1010100001
1010100010
1010100100
1010101000
1010110000
1011000001
1011000010
1011000100
1011001000
1011010000
1011100000
1100000011
1100000101
1100000110
1100001001
1100001010
1100001100
1100010001
1100010010
1100010100
1100011000
1100100001
1100100010
1100100100
1100101000
1100110000
1101000001
1101000010
1101000100
1101001000
1101010000
1101100000
1110000001
1110000010
1110000100
1110001000
1110010000
1110100000
1111000000
