000001111
000010111
000011011
000011101
000011110
000100111
000101011
000101101
000101110
000110011
000110101
000110110
000111001
000111010
000111100
001000111
001001011
001001101
001001110
001010011
001010101
001010110
001011001
001011010
001011100
001100011
001100101
001100110
001101001
001101010
001101100
001110001
001110010
001110100
001111000
010000111
010001011
010001101
010001110
010010011
010010101
010010110
010011001
010011010
010011100
010100011
010100101
010100110
010101001
010101010
010101100
010110001
010110010
010110100
010111000
011000011
011000101
011000110
011001001
011001010
011001100
011010001
011010010
011010100
011011000
011100001
011100010
011100100
011101000
011110000
100000111
100001011
100001101
100001110
100010011
100010101
100010110
100011001
100011010
100011100
100100011
100100101
100100110
100101001
100101010
100101100
100110001
100110010
100110100
100111000
101000011
101000101
101000110
101001001
101001010
101001100
101010001
101010010
101010100
101011000
101100001
101100010
101100100
101101000
101110000
110000011
110000101
110000110
110001001
110001010
110001100
110010001
110010010
110010100
110011000
110100001
110100010
110100100
110101000
110110000
111000001
111000010
111000100
111001000
111010000
111100000
